1.000000000000000100e-01 4.528606469483691800e+00
2.000000000000000100e-01 8.651883908994141900e+00
3.000000000000000400e-01 1.213180080087507700e+01
4.000000000000000200e-01 1.493620382503552200e+01
5.000000000000000000e-01 1.716589616109783000e+01
5.999999999999999800e-01 1.896380318504119000e+01
7.000000000000000700e-01 2.045988212447853300e+01
8.000000000000000400e-01 2.175235750533367700e+01
9.000000000000000200e-01 2.290842842296197500e+01
1.000000000000000000e+00 2.397139541417514500e+01
1.500000000000000000e+00 2.852779409216034500e+01
2.000000000000000000e+00 3.225646334454742000e+01
2.500000000000000000e+00 3.524660721941051400e+01
3.000000000000000000e+00 3.756140094331351500e+01
3.500000000000000000e+00 3.930683881504277400e+01
4.000000000000000000e+00 4.059943797776443800e+01
4.500000000000000000e+00 4.154539202368769000e+01
5.000000000000000000e+00 4.223283696097581000e+01
5.500000000000000000e+00 4.273090174202035700e+01
6.000000000000000000e+00 4.309179530038286300e+01
6.500000000000000000e+00 4.335395961733360100e+01
7.000000000000000000e+00 4.354524595378299500e+01
