1.000000000000000100e-01 5.082548985161704300e+00
2.000000000000000100e-01 9.977727484227152400e+00
3.000000000000000400e-01 1.452961425652657600e+01
4.000000000000000200e-01 1.863411484388649000e+01
5.000000000000000000e-01 2.224352373199231500e+01
5.999999999999999800e-01 2.535805247999600100e+01
7.000000000000000700e-01 2.801098461140653100e+01
8.000000000000000400e-01 3.025360779967620000e+01
9.000000000000000200e-01 3.214339597380563200e+01
1.000000000000000000e+00 3.373634934268877600e+01
1.500000000000000000e+00 3.876707073093820100e+01
2.000000000000000000e+00 4.124643646422382700e+01
2.500000000000000000e+00 4.263526764762409000e+01
3.000000000000000000e+00 4.348100564281355700e+01
3.500000000000000000e+00 4.402349654489119500e+01
4.000000000000000000e+00 4.438327304577197200e+01
4.500000000000000000e+00 4.462720730075229600e+01
5.000000000000000000e+00 4.479509871200221500e+01
5.500000000000000000e+00 4.491185617452916300e+01
6.000000000000000000e+00 4.499364495633518100e+01
6.500000000000000000e+00 4.505123426179560700e+01
7.000000000000000000e+00 4.509193527517666000e+01
