2.000000000000000000e+00 5.082548985161710500e+00
3.000000000000000000e+00 3.401316212926131400e+00
4.000000000000000000e+00 2.554368322761909800e+00
5.000000000000000000e+00 2.044678392935453700e+00
6.000000000000000000e+00 1.704236525466371600e+00
7.000000000000000000e+00 1.460581646710377200e+00
8.000000000000000000e+00 1.277380477649350000e+00
9.000000000000000000e+00 1.134445063792847600e+00
1.000000000000000000e+01 1.019685744447917000e+00
1.500000000000000000e+01 6.720277279001299900e-01
2.000000000000000000e+01 4.961535958368285500e-01
2.500000000000000000e+01 3.906786164209936100e-01
3.000000000000000000e+01 3.209338702706784900e-01
3.500000000000000000e+01 2.716867002383676600e-01
4.000000000000000000e+01 2.352070287486115200e-01
4.500000000000000000e+01 2.071761979519033400e-01
5.000000000000000000e+01 1.850048012889835800e-01
5.500000000000000000e+01 1.670525038725342600e-01
6.000000000000000000e+01 1.522330800188052300e-01
6.500000000000000000e+01 1.398004073719781900e-01
7.000000000000000000e+01 1.292259581161865100e-01
7.500000000000000000e+01 1.201253877895107500e-01
8.000000000000000000e+01 1.122128062561320400e-01
8.500000000000000000e+01 1.052713263948642100e-01
9.000000000000000000e+01 9.913353780438709200e-02
9.500000000000000000e+01 9.366822660362177100e-02
1.000000000000000000e+02 8.877113717410366200e-02
1.050000000000000000e+02 8.435841504301473700e-02
1.100000000000000000e+02 8.036186803490334700e-02
1.150000000000000000e+02 7.672548530065063900e-02
1.200000000000000000e+02 7.340284234193793200e-02
1.250000000000000000e+02 7.035514037576766400e-02
1.300000000000000000e+02 6.754970668494940400e-02
1.350000000000000000e+02 6.495883458096481100e-02
1.400000000000000000e+02 6.255887672232028600e-02
1.450000000000000000e+02 6.032952963990190900e-02
1.500000000000000000e+02 5.825326411938962900e-02
1.550000000000000000e+02 5.631486795728338900e-02
1.600000000000000000e+02 5.450107609726671100e-02
1.650000000000000000e+02 5.280026930005889800e-02
1.700000000000000000e+02 5.120222699950020100e-02
1.750000000000000000e+02 4.969792332521435300e-02
1.800000000000000000e+02 4.827935775749161300e-02
1.850000000000000000e+02 4.693941375262910400e-02
1.900000000000000000e+02 4.567174010051291300e-02
1.950000000000000000e+02 4.447065086664708800e-02
2.000000000000000000e+02 4.333104061286868800e-02
2.050000000000000000e+02 4.224831224550496700e-02
2.100000000000000000e+02 4.121831535228944600e-02
2.150000000000000000e+02 4.023729329305944500e-02
2.200000000000000000e+02 3.930183762943645400e-02
2.250000000000000000e+02 3.840884873373457500e-02
2.300000000000000000e+02 3.755550162213273900e-02
2.350000000000000000e+02 3.673921622188221900e-02
2.400000000000000000e+02 3.595763141607766200e-02
2.450000000000000000e+02 3.520858231802029300e-02
2.500000000000000000e+02 3.449008031632668600e-02
2.550000000000000000e+02 3.380029550472801700e-02
2.600000000000000000e+02 3.313754117089633800e-02
2.650000000000000000e+02 3.250026006829531000e-02
2.700000000000000000e+02 3.188701223664070600e-02
2.750000000000000000e+02 3.129646417104094800e-02
2.800000000000000000e+02 3.072737916885796500e-02
2.850000000000000000e+02 3.017860870759754900e-02
2.900000000000000000e+02 2.964908472772486200e-02
2.950000000000000000e+02 2.913781271151416300e-02
3.000000000000000000e+02 2.864386546387240300e-02
