2.000000000000000000e+00 4.528606469483691800e+00
3.000000000000000000e+00 3.123444523887632500e+00
4.000000000000000000e+00 2.377657866144681000e+00
5.000000000000000000e+00 1.916600033473957000e+00
6.000000000000000000e+00 1.603603373816942200e+00
7.000000000000000000e+00 1.377095613542969900e+00
8.000000000000000000e+00 1.205399416158000200e+00
9.000000000000000000e+00 1.070633148318980600e+00
1.000000000000000000e+01 9.619677694532983200e-01
1.500000000000000000e+01 6.313986804704344600e-01
2.000000000000000000e+01 4.647828061774599300e-01
2.500000000000000000e+01 3.656086700316367700e-01
3.000000000000000000e+01 3.003939169252924900e-01
3.500000000000000000e+01 2.544928826816613100e-01
4.000000000000000000e+01 2.205434768513090700e-01
4.500000000000000000e+01 1.944687313432967000e-01
5.000000000000000000e+01 1.738407367758738300e-01
5.500000000000000000e+01 1.571289257984084000e-01
6.000000000000000000e+01 1.433231146518573200e-01
6.500000000000000000e+01 1.317309111737301200e-01
7.000000000000000000e+01 1.218624967017561300e-01
7.500000000000000000e+01 1.133619334918357200e-01
8.000000000000000000e+01 1.059645397416378700e-01
8.500000000000000000e+01 9.946951637596139500e-02
9.000000000000000000e+01 9.372183683788122600e-02
9.500000000000000000e+01 8.859994863369230500e-02
1.000000000000000000e+02 8.400722699202660400e-02
1.050000000000000000e+02 7.986591303238725600e-02
1.100000000000000000e+02 7.611273465384772700e-02
1.150000000000000000e+02 7.269569043141881100e-02
1.200000000000000000e+02 6.957165215070297600e-02
1.250000000000000000e+02 6.670455320985967100e-02
1.300000000000000000e+02 6.406400268028195100e-02
1.350000000000000000e+02 6.162421292537073600e-02
1.400000000000000000e+02 5.936316114421304900e-02
1.450000000000000000e+02 5.726192747934761400e-02
1.500000000000000000e+02 5.530416783786590300e-02
1.550000000000000000e+02 5.347569052696651800e-02
1.600000000000000000e+02 5.176411363851097400e-02
1.650000000000000000e+02 5.015858578740020600e-02
1.700000000000000000e+02 4.864955695900721000e-02
1.750000000000000000e+02 4.722858929062434500e-02
1.800000000000000000e+02 4.588819990440334800e-02
1.850000000000000000e+02 4.462172963719890400e-02
1.900000000000000000e+02 4.342323282616040300e-02
1.950000000000000000e+02 4.228738431553229900e-02
2.000000000000000000e+02 4.120940062733843100e-02
2.050000000000000000e+02 4.018497284319686600e-02
2.100000000000000000e+02 3.921020921784194200e-02
2.150000000000000000e+02 3.828158591806976600e-02
2.200000000000000000e+02 3.739590457662361800e-02
2.250000000000000000e+02 3.655025558653304100e-02
2.300000000000000000e+02 3.574198625063451700e-02
2.350000000000000000e+02 3.496867305360298900e-02
2.400000000000000000e+02 3.422809744743363100e-02
2.450000000000000000e+02 3.351822464197477100e-02
2.500000000000000000e+02 3.283718497446442400e-02
2.550000000000000000e+02 3.218325749962049800e-02
2.600000000000000000e+02 3.155485549767805100e-02
2.650000000000000000e+02 3.095051364393267000e-02
2.700000000000000000e+02 3.036887662182962900e-02
2.750000000000000000e+02 2.980868899366280100e-02
2.800000000000000000e+02 2.926878616983437700e-02
2.850000000000000000e+02 2.874808634019930200e-02
2.900000000000000000e+02 2.824558325003451500e-02
2.950000000000000000e+02 2.776033971929823700e-02
3.000000000000000000e+02 2.729148181747298500e-02
